1.  417.00  282.00   23.00
2.  142.00  713.00   20.00
3.  709.00  555.00   53.00
4.  742.00  447.00   46.00
5.  675.00  168.00   49.00
6.  448.00  176.00   51.00
7.  242.00  551.00   31.00
8.  370.00  152.00   35.00
9.  649.00  657.00   11.00
10.  319.00  488.00   18.00
11.  478.00  580.00   58.00
12.  316.00   78.00   18.00
13.  433.00  305.00   31.00
14.  744.00  674.00   36.00
15.  645.00  439.00   13.00
16.  657.00  417.00   27.00
17.  652.00  637.00   37.00
18.  235.00  387.00   56.00
19.  449.00  639.00   26.00
20.  475.00  644.00   58.00
