1.  387.00  579.00   54.00
2.   75.00  201.00   36.00
3.  753.00  483.00   12.00
4.  175.00  145.00   19.00
5.  148.00  516.00   44.00
6.  220.00  279.00   46.00
7.  428.00  450.00   19.00
8.  558.00  109.00   37.00
9.  512.00  129.00   51.00
10.  168.00  338.00   44.00
11.  292.00  153.00   37.00
12.  471.00  654.00   23.00
13.  600.00  343.00   35.00
14.  526.00  386.00   10.00
15.  231.00  613.00   15.00
16.  619.00   49.00   45.00
17.  247.00  517.00   15.00
18.  324.00  111.00   45.00
19.  319.00  120.00   20.00
20.  300.00  569.00   21.00
21.  572.00   30.00   29.00
22.  494.00  649.00   52.00
23.  553.00  307.00   13.00
24.  455.00  603.00   50.00
25.   79.00  265.00   32.00
26.  577.00  310.00   28.00
27.   32.00  195.00   22.00
28.  713.00  571.00   47.00
29.  409.00  363.00   31.00
30.  715.00   52.00   39.00
31.  691.00  308.00   30.00
32.  217.00  269.00   46.00
33.  174.00  106.00   58.00
34.  156.00  305.00   48.00
35.  655.00  461.00   34.00
36.  618.00  240.00   40.00
37.  584.00  351.00   10.00
38.  717.00  112.00   17.00
39.  166.00  320.00   43.00
40.  546.00  262.00   21.00
41.  708.00  366.00   52.00
42.   34.00  263.00   24.00
43.  452.00  259.00   20.00
44.  125.00   92.00   56.00
45.  479.00  320.00   46.00
46.  485.00  445.00   41.00
47.  547.00  356.00   48.00
48.  244.00  528.00   37.00
49.  710.00  299.00   14.00
50.  403.00  128.00   18.00
